Geoffrey E. Hinton
nodes num:7357
edge num:16660
                   papers  pagerank    hindex  affsChangeTimes  \
papers           1.000000  0.243163  0.926565         0.637834   
pagerank         0.243163  1.000000  0.229660         0.150736   
hindex           0.926565  0.229660  1.000000         0.655250   
affsChangeTimes  0.637834  0.150736  0.655250         1.000000   
affsChangeFreq   0.650747  0.190100  0.690094         0.966161   
citations        0.666448  0.107133  0.762515         0.399533   
isSameAff       -0.210365 -0.156926 -0.245596        -0.342903   
isAncestor      -0.054938 -0.258052 -0.106881        -0.074879   
betweenness      0.669441  0.242232  0.641384         0.440105   

                 affsChangeFreq  citations  isSameAff  isAncestor  betweenness  
papers                 0.650747   0.666448  -0.210365   -0.054938     0.669441  
pagerank               0.190100   0.107133  -0.156926   -0.258052     0.242232  
hindex                 0.690094   0.762515  -0.245596   -0.106881     0.641384  
affsChangeTimes        0.966161   0.399533  -0.342903   -0.074879     0.440105  
affsChangeFreq         1.000000   0.400008  -0.379754   -0.149792     0.435281  
citations              0.400008   1.000000  -0.102656   -0.032784     0.525763  
isSameAff             -0.379754  -0.102656   1.000000    0.044937    -0.161863  
isAncestor            -0.149792  -0.032784   0.044937    1.000000    -0.061627  
betweenness            0.435281   0.525763  -0.161863   -0.061627     1.000000  